A = [11:14; 0.5 0.6 0.7 0.8; 3 2.75 2.5 2.25]

c = [21;17;13]

B = [11:14; 0.5 0.6 0.7 0.8; 3 2.75 2.5 2.25; 8 7 9 6]

b = [8 7 9 6]

D = [21 11:14; 17 0.5 0.6 0.7 0.8; 13 3 2.75 2.5 2.25]